0,514
0,513
53,2
41,2
41,5
41,4
41,1
41,3
49,1
49,3
38,1
38,3
76,6
76,5
76,4
76,3
76,2
76,1
76,0
75,4
75,3
75,2
75,1
75,0
0,512
74,3
74,2
0,511
74,1
74,0
0,510
28,1
28,3
36,5
36,1
36,3
0,509
0,508
0,507
0,506
0,505
0,504
73,6
0,503
0,502
0,501
0,500
0,499
0,498
73,5
73,4
73,3
73,2
73,1
73,0
0,497
0,472
72,4
72,3
72,2
72,1
72,0
71,3
71,2
71,1
71,0
24,2
70,6
70,5
70,4
70,3
70,2
70,1
70,0
14,5
14,4
14,2
14,0
69,4
69,3
69,2
69,1
69,0
68,3
68,2
68,1
68,0
0,278
0,9
24,1
24,3
53,3
0,273
0,270
0,493
67,52
67,51
67,50
67,49
67,48
67,47
67,46
67,45
67,44
67,43
67,42
67,41
67,40
67,39
67,38
67,37
67,36
67,35
10,312
10,242
10,180
10,166
10,118
10,202
10,282
10,106
11,8
11,18
11,4
11,20
11,10
